line
0 511 0 511 511 0
line
512 0 0 512 511 0
line
1023 512 0 512 512 0
line
512 1023 0 511 512 0
line
7 511 0 511 504 0
line
512 7 0 519 511 0
line
1016 512 0 512 519 0
line
512 1016 0 504 512 0
line
14 511 0 511 497 0
line
512 14 0 526 511 0
line
1009 512 0 512 526 0
line
512 1009 0 497 512 0
line
21 511 0 511 490 0
line
512 21 0 533 511 0
line
1002 512 0 512 533 0
line
512 1002 0 490 512 0
line
28 511 0 511 483 0
line
512 28 0 540 511 0
line
995 512 0 512 540 0
line
512 995 0 483 512 0
line
35 511 0 511 476 0
line
512 35 0 547 511 0
line
988 512 0 512 547 0
line
512 988 0 476 512 0
line
42 511 0 511 469 0
line
512 42 0 554 511 0
line
981 512 0 512 554 0
line
512 981 0 469 512 0
line
49 511 0 511 462 0
line
512 49 0 561 511 0
line
974 512 0 512 561 0
line
512 974 0 462 512 0
line
56 511 0 511 455 0
line
512 56 0 568 511 0
line
967 512 0 512 568 0
line
512 967 0 455 512 0
line
63 511 0 511 448 0
line
512 63 0 575 511 0
line
960 512 0 512 575 0
line
512 960 0 448 512 0
line
70 511 0 511 441 0
line
512 70 0 582 511 0
line
953 512 0 512 582 0
line
512 953 0 441 512 0
line
77 511 0 511 434 0
line
512 77 0 589 511 0
line
946 512 0 512 589 0
line
512 946 0 434 512 0
line
84 511 0 511 427 0
line
512 84 0 596 511 0
line
939 512 0 512 596 0
line
512 939 0 427 512 0
line
91 511 0 511 420 0
line
512 91 0 603 511 0
line
932 512 0 512 603 0
line
512 932 0 420 512 0
line
98 511 0 511 413 0
line
512 98 0 610 511 0
line
925 512 0 512 610 0
line
512 925 0 413 512 0
line
105 511 0 511 406 0
line
512 105 0 617 511 0
line
918 512 0 512 617 0
line
512 918 0 406 512 0
line
112 511 0 511 399 0
line
512 112 0 624 511 0
line
911 512 0 512 624 0
line
512 911 0 399 512 0
line
119 511 0 511 392 0
line
512 119 0 631 511 0
line
904 512 0 512 631 0
line
512 904 0 392 512 0
line
126 511 0 511 385 0
line
512 126 0 638 511 0
line
897 512 0 512 638 0
line
512 897 0 385 512 0
line
133 511 0 511 378 0
line
512 133 0 645 511 0
line
890 512 0 512 645 0
line
512 890 0 378 512 0
line
140 511 0 511 371 0
line
512 140 0 652 511 0
line
883 512 0 512 652 0
line
512 883 0 371 512 0
line
147 511 0 511 364 0
line
512 147 0 659 511 0
line
876 512 0 512 659 0
line
512 876 0 364 512 0
line
154 511 0 511 357 0
line
512 154 0 666 511 0
line
869 512 0 512 666 0
line
512 869 0 357 512 0
line
161 511 0 511 350 0
line
512 161 0 673 511 0
line
862 512 0 512 673 0
line
512 862 0 350 512 0
line
168 511 0 511 343 0
line
512 168 0 680 511 0
line
855 512 0 512 680 0
line
512 855 0 343 512 0
line
175 511 0 511 336 0
line
512 175 0 687 511 0
line
848 512 0 512 687 0
line
512 848 0 336 512 0
line
182 511 0 511 329 0
line
512 182 0 694 511 0
line
841 512 0 512 694 0
line
512 841 0 329 512 0
line
189 511 0 511 322 0
line
512 189 0 701 511 0
line
834 512 0 512 701 0
line
512 834 0 322 512 0
line
196 511 0 511 315 0
line
512 196 0 708 511 0
line
827 512 0 512 708 0
line
512 827 0 315 512 0
line
203 511 0 511 308 0
line
512 203 0 715 511 0
line
820 512 0 512 715 0
line
512 820 0 308 512 0
line
210 511 0 511 301 0
line
512 210 0 722 511 0
line
813 512 0 512 722 0
line
512 813 0 301 512 0
line
217 511 0 511 294 0
line
512 217 0 729 511 0
line
806 512 0 512 729 0
line
512 806 0 294 512 0
line
224 511 0 511 287 0
line
512 224 0 736 511 0
line
799 512 0 512 736 0
line
512 799 0 287 512 0
line
231 511 0 511 280 0
line
512 231 0 743 511 0
line
792 512 0 512 743 0
line
512 792 0 280 512 0
line
238 511 0 511 273 0
line
512 238 0 750 511 0
line
785 512 0 512 750 0
line
512 785 0 273 512 0
line
245 511 0 511 266 0
line
512 245 0 757 511 0
line
778 512 0 512 757 0
line
512 778 0 266 512 0
line
252 511 0 511 259 0
line
512 252 0 764 511 0
line
771 512 0 512 764 0
line
512 771 0 259 512 0
line
259 511 0 511 252 0
line
512 259 0 771 511 0
line
764 512 0 512 771 0
line
512 764 0 252 512 0
line
266 511 0 511 245 0
line
512 266 0 778 511 0
line
757 512 0 512 778 0
line
512 757 0 245 512 0
line
273 511 0 511 238 0
line
512 273 0 785 511 0
line
750 512 0 512 785 0
line
512 750 0 238 512 0
line
280 511 0 511 231 0
line
512 280 0 792 511 0
line
743 512 0 512 792 0
line
512 743 0 231 512 0
line
287 511 0 511 224 0
line
512 287 0 799 511 0
line
736 512 0 512 799 0
line
512 736 0 224 512 0
line
294 511 0 511 217 0
line
512 294 0 806 511 0
line
729 512 0 512 806 0
line
512 729 0 217 512 0
line
301 511 0 511 210 0
line
512 301 0 813 511 0
line
722 512 0 512 813 0
line
512 722 0 210 512 0
line
308 511 0 511 203 0
line
512 308 0 820 511 0
line
715 512 0 512 820 0
line
512 715 0 203 512 0
line
315 511 0 511 196 0
line
512 315 0 827 511 0
line
708 512 0 512 827 0
line
512 708 0 196 512 0
line
322 511 0 511 189 0
line
512 322 0 834 511 0
line
701 512 0 512 834 0
line
512 701 0 189 512 0
line
329 511 0 511 182 0
line
512 329 0 841 511 0
line
694 512 0 512 841 0
line
512 694 0 182 512 0
line
336 511 0 511 175 0
line
512 336 0 848 511 0
line
687 512 0 512 848 0
line
512 687 0 175 512 0
line
343 511 0 511 168 0
line
512 343 0 855 511 0
line
680 512 0 512 855 0
line
512 680 0 168 512 0
line
350 511 0 511 161 0
line
512 350 0 862 511 0
line
673 512 0 512 862 0
line
512 673 0 161 512 0
line
357 511 0 511 154 0
line
512 357 0 869 511 0
line
666 512 0 512 869 0
line
512 666 0 154 512 0
line
364 511 0 511 147 0
line
512 364 0 876 511 0
line
659 512 0 512 876 0
line
512 659 0 147 512 0
line
371 511 0 511 140 0
line
512 371 0 883 511 0
line
652 512 0 512 883 0
line
512 652 0 140 512 0
line
378 511 0 511 133 0
line
512 378 0 890 511 0
line
645 512 0 512 890 0
line
512 645 0 133 512 0
line
385 511 0 511 126 0
line
512 385 0 897 511 0
line
638 512 0 512 897 0
line
512 638 0 126 512 0
line
392 511 0 511 119 0
line
512 392 0 904 511 0
line
631 512 0 512 904 0
line
512 631 0 119 512 0
line
399 511 0 511 112 0
line
512 399 0 911 511 0
line
624 512 0 512 911 0
line
512 624 0 112 512 0
line
406 511 0 511 105 0
line
512 406 0 918 511 0
line
617 512 0 512 918 0
line
512 617 0 105 512 0
line
413 511 0 511 98 0
line
512 413 0 925 511 0
line
610 512 0 512 925 0
line
512 610 0 98 512 0
line
420 511 0 511 91 0
line
512 420 0 932 511 0
line
603 512 0 512 932 0
line
512 603 0 91 512 0
line
427 511 0 511 84 0
line
512 427 0 939 511 0
line
596 512 0 512 939 0
line
512 596 0 84 512 0
line
434 511 0 511 77 0
line
512 434 0 946 511 0
line
589 512 0 512 946 0
line
512 589 0 77 512 0
line
441 511 0 511 70 0
line
512 441 0 953 511 0
line
582 512 0 512 953 0
line
512 582 0 70 512 0
line
448 511 0 511 63 0
line
512 448 0 960 511 0
line
575 512 0 512 960 0
line
512 575 0 63 512 0
line
455 511 0 511 56 0
line
512 455 0 967 511 0
line
568 512 0 512 967 0
line
512 568 0 56 512 0
line
462 511 0 511 49 0
line
512 462 0 974 511 0
line
561 512 0 512 974 0
line
512 561 0 49 512 0
line
469 511 0 511 42 0
line
512 469 0 981 511 0
line
554 512 0 512 981 0
line
512 554 0 42 512 0
line
476 511 0 511 35 0
line
512 476 0 988 511 0
line
547 512 0 512 988 0
line
512 547 0 35 512 0
line
483 511 0 511 28 0
line
512 483 0 995 511 0
line
540 512 0 512 995 0
line
512 540 0 28 512 0
line
490 511 0 511 21 0
line
512 490 0 1002 511 0
line
533 512 0 512 1002 0
line
512 533 0 21 512 0
line
497 511 0 511 14 0
line
512 497 0 1009 511 0
line
526 512 0 512 1009 0
line
512 526 0 14 512 0
line
504 511 0 511 7 0
line
512 504 0 1016 511 0
line
519 512 0 512 1016 0
line
512 519 0 7 512 0
line
511 511 0 511 0 0
line
512 511 0 1023 511 0
line
512 512 0 512 1023 0
line
512 512 0 0 512 0
apply
display
rotate
z 30
apply
display
scale
0.5 1 1
apply
display
move
-64 0 0
apply
display
save
pic.png
